   1   1.000000E+00   0.000000E+00  -1.562994E-05
   1   0.000000E+00   1.000000E+00   0.000000E+00
   1   1.562994E-05   0.000000E+00   1.000000E+00
   2   1.000000E+00   0.000000E+00  -5.427936E-05
   2   0.000000E+00   1.000000E+00   0.000000E+00
   2   5.427936E-05   0.000000E+00   1.000000E+00
   3   1.000000E+00   0.000000E+00  -2.840451E-05
   3   0.000000E+00   1.000000E+00   0.000000E+00
   3   2.840451E-05   0.000000E+00   1.000000E+00
   4   1.000000E+00   0.000000E+00   1.748633E-04
   4   0.000000E+00   1.000000E+00   0.000000E+00
   4  -1.748633E-04   0.000000E+00   1.000000E+00
   5   9.999999E-01   0.000000E+00   4.315915E-04
   5   0.000000E+00   1.000000E+00   0.000000E+00
   5  -4.315915E-04   0.000000E+00   9.999999E-01
   6   9.999999E-01   0.000000E+00   3.142815E-04
   6   0.000000E+00   1.000000E+00   0.000000E+00
   6  -3.142815E-04   0.000000E+00   9.999999E-01
   7   9.999997E-01   0.000000E+00  -6.374896E-04
   7   0.000000E+00   9.999999E-01   0.000000E+00
   7   6.374896E-04   0.000000E+00   9.999997E-01
   8   9.999961E-01   0.000000E+00  -2.642479E-03
   8   0.000000E+00   9.999996E-01   0.000000E+00
   8   2.642479E-03   0.000000E+00   9.999961E-01
   9   9.999831E-01   0.000000E+00  -5.662439E-03
   9   0.000000E+00   9.999992E-01   0.000000E+00
   9   5.662439E-03   0.000000E+00   9.999831E-01
  10   9.999525E-01   0.000000E+00  -9.603178E-03
  10   0.000000E+00   9.999986E-01   0.000000E+00
  10   9.603178E-03   0.000000E+00   9.999525E-01
  11   9.998927E-01   0.000000E+00  -1.450203E-02
  11   0.000000E+00   9.999979E-01   0.000000E+00
  11   1.450203E-02   0.000000E+00   9.998927E-01
  12   9.997870E-01   0.000000E+00  -2.048549E-02
  12   0.000000E+00   9.999969E-01   0.000000E+00
  12   2.048549E-02   0.000000E+00   9.997870E-01
  13   9.996148E-01   0.000000E+00  -2.759503E-02
  13   0.000000E+00   9.999956E-01   0.000000E+00
  13   2.759503E-02   0.000000E+00   9.996148E-01
  14   9.993529E-01   0.000000E+00  -3.580771E-02
  14   0.000000E+00   9.999942E-01   0.000000E+00
  14   3.580771E-02   0.000000E+00   9.993529E-01
  15   9.989674E-01   0.000000E+00  -4.525879E-02
  15   0.000000E+00   9.999921E-01   0.000000E+00
  15   4.525879E-02   0.000000E+00   9.989674E-01
  16   9.984004E-01   0.000000E+00  -5.634196E-02
  16   0.000000E+00   9.999888E-01   0.000000E+00
  16   5.634196E-02   0.000000E+00   9.984004E-01
  17   9.975623E-01   0.000000E+00  -6.955220E-02
  17   0.000000E+00   9.999840E-01   0.000000E+00
  17   6.955220E-02   0.000000E+00   9.975623E-01
  18   9.963415E-01   0.000000E+00  -8.520137E-02
  18   0.000000E+00   9.999778E-01   0.000000E+00
  18   8.520137E-02   0.000000E+00   9.963415E-01
  19   9.946245E-01   0.000000E+00  -1.032653E-01
  19   0.000000E+00   9.999708E-01   0.000000E+00
  19   1.032653E-01   0.000000E+00   9.946245E-01
  20   9.923011E-01   0.000000E+00  -1.235512E-01
  20   0.000000E+00   9.999632E-01   0.000000E+00
  20   1.235512E-01   0.000000E+00   9.923011E-01
  21   9.892514E-01   0.000000E+00  -1.459141E-01
  21   0.000000E+00   9.999546E-01   0.000000E+00
  21   1.459141E-01   0.000000E+00   9.892514E-01
  22   9.853387E-01   0.000000E+00  -1.702874E-01
  22   0.000000E+00   9.999451E-01   0.000000E+00
  22   1.702874E-01   0.000000E+00   9.853387E-01
  23   9.804047E-01   0.000000E+00  -1.966594E-01
  23   0.000000E+00   9.999342E-01   0.000000E+00
  23   1.966594E-01   0.000000E+00   9.804047E-01
  24   9.742881E-01   0.000000E+00  -2.249613E-01
  24   0.000000E+00   9.999225E-01   0.000000E+00
  24   2.249613E-01   0.000000E+00   9.742881E-01
  25   9.668613E-01   0.000000E+00  -2.549521E-01
  25   0.000000E+00   9.999107E-01   0.000000E+00
  25   2.549521E-01   0.000000E+00   9.668613E-01
  26   9.580167E-01   0.000000E+00  -2.863587E-01
  26   0.000000E+00   9.998986E-01   0.000000E+00
  26   2.863587E-01   0.000000E+00   9.580167E-01
  27   9.476046E-01   0.000000E+00  -3.190857E-01
  27   0.000000E+00   9.998851E-01   0.000000E+00
  27   3.190857E-01   0.000000E+00   9.476046E-01
  28   9.354149E-01   0.000000E+00  -3.531832E-01
  28   0.000000E+00   9.998697E-01   0.000000E+00
  28   3.531832E-01   0.000000E+00   9.354149E-01
  29   9.212284E-01   0.000000E+00  -3.886437E-01
  29   0.000000E+00   9.998528E-01   0.000000E+00
  29   3.886437E-01   0.000000E+00   9.212284E-01
  30   9.048824E-01   0.000000E+00  -4.252751E-01
  30   0.000000E+00   9.998355E-01   0.000000E+00
  30   4.252751E-01   0.000000E+00   9.048824E-01
  31   8.862663E-01   0.000000E+00  -4.627828E-01
  31   0.000000E+00   9.998180E-01   0.000000E+00
  31   4.627828E-01   0.000000E+00   8.862663E-01
  32   8.652351E-01   0.000000E+00  -5.009651E-01
  32   0.000000E+00   9.997989E-01   0.000000E+00
  32   5.009651E-01   0.000000E+00   8.652351E-01
  33   8.415525E-01   0.000000E+00  -5.397630E-01
  33   0.000000E+00   9.997774E-01   0.000000E+00
  33   5.397630E-01   0.000000E+00   8.415525E-01
  34   8.149673E-01   0.000000E+00  -5.790823E-01
  34   0.000000E+00   9.997540E-01   0.000000E+00
  34   5.790823E-01   0.000000E+00   8.149673E-01
  35   7.853083E-01   0.000000E+00  -6.186681E-01
  35   0.000000E+00   9.997296E-01   0.000000E+00
  35   6.186681E-01   0.000000E+00   7.853083E-01
  36   7.524376E-01   0.000000E+00  -6.582136E-01
  36   0.000000E+00   9.997038E-01   0.000000E+00
  36   6.582136E-01   0.000000E+00   7.524376E-01
  37   7.161404E-01   0.000000E+00  -6.974906E-01
  37   0.000000E+00   9.996751E-01   0.000000E+00
  37   6.974906E-01   0.000000E+00   7.161404E-01
  38   6.761189E-01   0.000000E+00  -7.363077E-01
  38   0.000000E+00   9.996428E-01   0.000000E+00
  38   7.363077E-01   0.000000E+00   6.761189E-01
  39   6.321506E-01   0.000000E+00  -7.743404E-01
  39   0.000000E+00   9.996086E-01   0.000000E+00
  39   7.743404E-01   0.000000E+00   6.321506E-01
  40   5.842790E-01   0.000000E+00  -8.110296E-01
  40   0.000000E+00   9.995754E-01   0.000000E+00
  40   8.110296E-01   0.000000E+00   5.842790E-01
  41   5.327689E-01   0.000000E+00  -8.457215E-01
  41   0.000000E+00   9.995437E-01   0.000000E+00
  41   8.457215E-01   0.000000E+00   5.327689E-01
  42   4.778894E-01   0.000000E+00  -8.778648E-01
  42   0.000000E+00   9.995123E-01   0.000000E+00
  42   8.778648E-01   0.000000E+00   4.778894E-01
  43   4.198794E-01   0.000000E+00  -9.070082E-01
  43   0.000000E+00   9.994811E-01   0.000000E+00
  43   9.070082E-01   0.000000E+00   4.198794E-01
  44   3.591221E-01   0.000000E+00  -9.327036E-01
  44   0.000000E+00   9.994522E-01   0.000000E+00
  44   9.327036E-01   0.000000E+00   3.591221E-01
  45   2.962348E-01   0.000000E+00  -9.545154E-01
  45   0.000000E+00   9.994272E-01   0.000000E+00
  45   9.545154E-01   0.000000E+00   2.962348E-01
  46   2.319099E-01   0.000000E+00  -9.721261E-01
  46   0.000000E+00   9.994055E-01   0.000000E+00
  46   9.721261E-01   0.000000E+00   2.319099E-01
  47   1.666560E-01   0.000000E+00  -9.853908E-01
  47   0.000000E+00   9.993845E-01   0.000000E+00
  47   9.853908E-01   0.000000E+00   1.666560E-01
  48   1.007812E-01   0.000000E+00  -9.942685E-01
  48   0.000000E+00   9.993631E-01   0.000000E+00
  48   9.942685E-01   0.000000E+00   1.007812E-01
  49   3.463787E-02   0.000000E+00  -9.987428E-01
  49   0.000000E+00   9.993432E-01   0.000000E+00
  49   9.987428E-01   0.000000E+00   3.463787E-02
  50  -3.127776E-02   0.000000E+00  -9.988360E-01
  50   0.000000E+00   9.993256E-01   0.000000E+00
  50   9.988360E-01   0.000000E+00  -3.127776E-02
  51  -9.654156E-02   0.000000E+00  -9.946342E-01
  51   0.000000E+00   9.993085E-01   0.000000E+00
  51   9.946342E-01   0.000000E+00  -9.654156E-02
  52  -1.609797E-01   0.000000E+00  -9.862382E-01
  52   0.000000E+00   9.992899E-01   0.000000E+00
  52   9.862382E-01   0.000000E+00  -1.609797E-01
  53  -2.245390E-01   0.000000E+00  -9.737156E-01
  53   0.000000E+00   9.992697E-01   0.000000E+00
  53   9.737156E-01   0.000000E+00  -2.245390E-01
  54  -2.870328E-01   0.000000E+00  -9.571377E-01
  54   0.000000E+00   9.992500E-01   0.000000E+00
  54   9.571377E-01   0.000000E+00  -2.870328E-01
  55  -3.480770E-01   0.000000E+00  -9.366469E-01
  55   0.000000E+00   9.992322E-01   0.000000E+00
  55   9.366469E-01   0.000000E+00  -3.480770E-01
  56  -4.072844E-01   0.000000E+00  -9.124424E-01
  56   0.000000E+00   9.992156E-01   0.000000E+00
  56   9.124424E-01   0.000000E+00  -4.072844E-01
  57  -4.644198E-01   0.000000E+00  -8.847104E-01
  57   0.000000E+00   9.991988E-01   0.000000E+00
  57   8.847104E-01   0.000000E+00  -4.644198E-01
  58  -5.192697E-01   0.000000E+00  -8.536543E-01
  58   0.000000E+00   9.991830E-01   0.000000E+00
  58   8.536543E-01   0.000000E+00  -5.192697E-01
  59  -5.714745E-01   0.000000E+00  -8.196088E-01
  59   0.000000E+00   9.991704E-01   0.000000E+00
  59   8.196088E-01   0.000000E+00  -5.714745E-01
  60  -6.206043E-01   0.000000E+00  -7.830544E-01
  60   0.000000E+00   9.991615E-01   0.000000E+00
  60   7.830544E-01   0.000000E+00  -6.206043E-01
  61  -6.663482E-01   0.000000E+00  -7.445073E-01
  61   0.000000E+00   9.991552E-01   0.000000E+00
  61   7.445073E-01   0.000000E+00  -6.663482E-01
  62  -7.085855E-01   0.000000E+00  -7.044199E-01
  62   0.000000E+00   9.991501E-01   0.000000E+00
  62   7.044199E-01   0.000000E+00  -7.085855E-01
  63  -7.472801E-01   0.000000E+00  -6.632245E-01
  63   0.000000E+00   9.991468E-01   0.000000E+00
  63   6.632245E-01   0.000000E+00  -7.472801E-01
  64  -7.823603E-01   0.000000E+00  -6.214548E-01
  64   0.000000E+00   9.991465E-01   0.000000E+00
  64   6.214548E-01   0.000000E+00  -7.823603E-01
  65  -8.137663E-01   0.000000E+00  -5.797270E-01
  65   0.000000E+00   9.991491E-01   0.000000E+00
  65   5.797270E-01   0.000000E+00  -8.137663E-01
  66  -8.415800E-01   0.000000E+00  -5.385627E-01
  66   0.000000E+00   9.991529E-01   0.000000E+00
  66   5.385627E-01   0.000000E+00  -8.415800E-01
  67  -8.660404E-01   0.000000E+00  -4.982850E-01
  67   0.000000E+00   9.991567E-01   0.000000E+00
  67   4.982850E-01   0.000000E+00  -8.660404E-01
  68  -8.874434E-01   0.000000E+00  -4.590919E-01
  68   0.000000E+00   9.991602E-01   0.000000E+00
  68   4.590919E-01   0.000000E+00  -8.874434E-01
  69  -9.060623E-01   0.000000E+00  -4.211647E-01
  69   0.000000E+00   9.991639E-01   0.000000E+00
  69   4.211647E-01   0.000000E+00  -9.060623E-01
  70  -9.221580E-01   0.000000E+00  -3.846560E-01
  70   0.000000E+00   9.991675E-01   0.000000E+00
  70   3.846560E-01   0.000000E+00  -9.221580E-01
  71  -9.360245E-01   0.000000E+00  -3.495695E-01
  71   0.000000E+00   9.991700E-01   0.000000E+00
  71   3.495695E-01   0.000000E+00  -9.360245E-01
  72  -9.479820E-01   0.000000E+00  -3.157091E-01
  72   0.000000E+00   9.991707E-01   0.000000E+00
  72   3.157091E-01   0.000000E+00  -9.479820E-01
  73  -9.583042E-01   0.000000E+00  -2.828330E-01
  73   0.000000E+00   9.991704E-01   0.000000E+00
  73   2.828330E-01   0.000000E+00  -9.583042E-01
  74  -9.671685E-01   0.000000E+00  -2.508505E-01
  74   0.000000E+00   9.991700E-01   0.000000E+00
  74   2.508505E-01   0.000000E+00  -9.671685E-01
  75  -9.746871E-01   0.000000E+00  -2.198316E-01
  75   0.000000E+00   9.991701E-01   0.000000E+00
  75   2.198316E-01   0.000000E+00  -9.746871E-01
  76  -9.809616E-01   0.000000E+00  -1.898847E-01
  76   0.000000E+00   9.991706E-01   0.000000E+00
  76   1.898847E-01   0.000000E+00  -9.809616E-01
  77  -9.861015E-01   0.000000E+00  -1.610803E-01
  77   0.000000E+00   9.991712E-01   0.000000E+00
  77   1.610803E-01   0.000000E+00  -9.861015E-01
  78  -9.902126E-01   0.000000E+00  -1.335071E-01
  78   0.000000E+00   9.991723E-01   0.000000E+00
  78   1.335071E-01   0.000000E+00  -9.902126E-01
  79  -9.933863E-01   0.000000E+00  -1.073928E-01
  79   0.000000E+00   9.991744E-01   0.000000E+00
  79   1.073928E-01   0.000000E+00  -9.933863E-01
  80  -9.957165E-01   0.000000E+00  -8.309613E-02
  80   0.000000E+00   9.991778E-01   0.000000E+00
  80   8.309613E-02   0.000000E+00  -9.957165E-01
  81  -9.973212E-01   0.000000E+00  -6.094710E-02
  81   0.000000E+00   9.991818E-01   0.000000E+00
  81   6.094710E-02   0.000000E+00  -9.973212E-01
  82  -9.983379E-01   0.000000E+00  -4.115572E-02
  82   0.000000E+00   9.991859E-01   0.000000E+00
  82   4.115572E-02   0.000000E+00  -9.983379E-01
  83  -9.989045E-01   0.000000E+00  -2.388400E-02
  83   0.000000E+00   9.991900E-01   0.000000E+00
  83   2.388400E-02   0.000000E+00  -9.989045E-01
  84  -9.991503E-01   0.000000E+00  -9.370307E-03
  84   0.000000E+00   9.991943E-01   0.000000E+00
  84   9.370307E-03   0.000000E+00  -9.991503E-01
  85  -9.991962E-01   0.000000E+00   2.041247E-03
  85   0.000000E+00   9.991983E-01   0.000000E+00
  85  -2.041247E-03   0.000000E+00  -9.991962E-01
  86  -9.991514E-01   0.000000E+00   1.001703E-02
  86   0.000000E+00   9.992016E-01   0.000000E+00
  86  -1.001703E-02   0.000000E+00  -9.991514E-01
  87  -9.991001E-01   0.000000E+00   1.437300E-02
  87   0.000000E+00   9.992035E-01   0.000000E+00
  87  -1.437300E-02   0.000000E+00  -9.991001E-01
  88  -9.990901E-01   0.000000E+00   1.506984E-02
  88   0.000000E+00   9.992038E-01   0.000000E+00
  88  -1.506984E-02   0.000000E+00  -9.990901E-01
  89  -9.991291E-01   0.000000E+00   1.210445E-02
  89   0.000000E+00   9.992024E-01   0.000000E+00
  89  -1.210445E-02   0.000000E+00  -9.991291E-01
  90  -9.991841E-01   0.000000E+00   5.483129E-03
  90   0.000000E+00   9.991991E-01   0.000000E+00
  90  -5.483129E-03   0.000000E+00  -9.991841E-01
  91  -9.991832E-01   0.000000E+00  -4.688767E-03
  91   0.000000E+00   9.991942E-01   0.000000E+00
  91   4.688767E-03   0.000000E+00  -9.991832E-01
  92  -9.990239E-01   0.000000E+00  -1.811906E-02
  92   0.000000E+00   9.991882E-01   0.000000E+00
  92   1.811906E-02   0.000000E+00  -9.990239E-01
  93  -9.985907E-01   0.000000E+00  -3.435789E-02
  93   0.000000E+00   9.991816E-01   0.000000E+00
  93   3.435789E-02   0.000000E+00  -9.985907E-01
  94  -9.977700E-01   0.000000E+00  -5.296415E-02
  94   0.000000E+00   9.991748E-01   0.000000E+00
  94   5.296415E-02   0.000000E+00  -9.977700E-01
  95  -9.964498E-01   0.000000E+00  -7.364300E-02
  95   0.000000E+00   9.991674E-01   0.000000E+00
  95   7.364300E-02   0.000000E+00  -9.964498E-01
  96  -9.945171E-01   0.000000E+00  -9.620640E-02
  96   0.000000E+00   9.991596E-01   0.000000E+00
  96   9.620640E-02   0.000000E+00  -9.945171E-01
  97  -9.918629E-01   0.000000E+00  -1.204647E-01
  97   0.000000E+00   9.991516E-01   0.000000E+00
  97   1.204647E-01   0.000000E+00  -9.918629E-01
  98  -9.883893E-01   0.000000E+00  -1.461989E-01
  98   0.000000E+00   9.991434E-01   0.000000E+00
  98   1.461989E-01   0.000000E+00  -9.883893E-01
  99  -9.840048E-01   0.000000E+00  -1.732204E-01
  99   0.000000E+00   9.991350E-01   0.000000E+00
  99   1.732204E-01   0.000000E+00  -9.840048E-01
 100  -9.786119E-01   0.000000E+00  -2.014245E-01
 100   0.000000E+00   9.991261E-01   0.000000E+00
 100   2.014245E-01   0.000000E+00  -9.786119E-01
 101  -9.721103E-01   0.000000E+00  -2.307292E-01
 101   0.000000E+00   9.991168E-01   0.000000E+00
 101   2.307292E-01   0.000000E+00  -9.721103E-01
 102  -9.644286E-01   0.000000E+00  -2.609481E-01
 102   0.000000E+00   9.991079E-01   0.000000E+00
 102   2.609481E-01   0.000000E+00  -9.644286E-01
 103  -9.555443E-01   0.000000E+00  -2.917793E-01
 103   0.000000E+00   9.990996E-01   0.000000E+00
 103   2.917793E-01   0.000000E+00  -9.555443E-01
 104  -9.454553E-01   0.000000E+00  -3.229531E-01
 104   0.000000E+00   9.990918E-01   0.000000E+00
 104   3.229531E-01   0.000000E+00  -9.454553E-01
 105  -9.341236E-01   0.000000E+00  -3.543737E-01
 105   0.000000E+00   9.990834E-01   0.000000E+00
 105   3.543737E-01   0.000000E+00  -9.341236E-01
 106  -9.214428E-01   0.000000E+00  -3.861237E-01
 106   0.000000E+00   9.990737E-01   0.000000E+00
 106   3.861237E-01   0.000000E+00  -9.214428E-01
 107  -9.072500E-01   0.000000E+00  -4.183576E-01
 107   0.000000E+00   9.990624E-01   0.000000E+00
 107   4.183576E-01   0.000000E+00  -9.072500E-01
 108  -8.913520E-01   0.000000E+00  -4.512108E-01
 108   0.000000E+00   9.990494E-01   0.000000E+00
 108   4.512108E-01   0.000000E+00  -8.913520E-01
 109  -8.735133E-01   0.000000E+00  -4.848129E-01
 109   0.000000E+00   9.990341E-01   0.000000E+00
 109   4.848129E-01   0.000000E+00  -8.735133E-01
 110  -8.534266E-01   0.000000E+00  -5.193222E-01
 110   0.000000E+00   9.990158E-01   0.000000E+00
 110   5.193222E-01   0.000000E+00  -8.534266E-01
 111  -8.307420E-01   0.000000E+00  -5.548490E-01
 111   0.000000E+00   9.989944E-01   0.000000E+00
 111   5.548490E-01   0.000000E+00  -8.307420E-01
 112  -8.051500E-01   0.000000E+00  -5.913340E-01
 112   0.000000E+00   9.989707E-01   0.000000E+00
 112   5.913340E-01   0.000000E+00  -8.051500E-01
 113  -7.764253E-01   0.000000E+00  -6.285346E-01
 113   0.000000E+00   9.989455E-01   0.000000E+00
 113   6.285346E-01   0.000000E+00  -7.764253E-01
 114  -7.443809E-01   0.000000E+00  -6.661344E-01
 114   0.000000E+00   9.989184E-01   0.000000E+00
 114   6.661344E-01   0.000000E+00  -7.443809E-01
 115  -7.087742E-01   0.000000E+00  -7.038588E-01
 115   0.000000E+00   9.988884E-01   0.000000E+00
 115   7.038588E-01   0.000000E+00  -7.087742E-01
 116  -6.692962E-01   0.000000E+00  -7.414538E-01
 116   0.000000E+00   9.988549E-01   0.000000E+00
 116   7.414538E-01   0.000000E+00  -6.692962E-01
 117  -6.256982E-01   0.000000E+00  -7.785506E-01
 117   0.000000E+00   9.988189E-01   0.000000E+00
 117   7.785506E-01   0.000000E+00  -6.256982E-01
 118  -5.779221E-01   0.000000E+00  -8.145994E-01
 118   0.000000E+00   9.987823E-01   0.000000E+00
 118   8.145994E-01   0.000000E+00  -5.779221E-01
 119  -5.261122E-01   0.000000E+00  -8.489407E-01
 119   0.000000E+00   9.987464E-01   0.000000E+00
 119   8.489407E-01   0.000000E+00  -5.261122E-01
 120  -4.705700E-01   0.000000E+00  -8.809026E-01
 120   0.000000E+00   9.987120E-01   0.000000E+00
 120   8.809026E-01   0.000000E+00  -4.705700E-01
 121  -4.117685E-01   0.000000E+00  -9.098405E-01
 121   0.000000E+00   9.986806E-01   0.000000E+00
 121   9.098405E-01   0.000000E+00  -4.117685E-01
 122  -3.504094E-01   0.000000E+00  -9.351598E-01
 122   0.000000E+00   9.986544E-01   0.000000E+00
 122   9.351598E-01   0.000000E+00  -3.504094E-01
 123  -2.873782E-01   0.000000E+00  -9.563910E-01
 123   0.000000E+00   9.986340E-01   0.000000E+00
 123   9.563910E-01   0.000000E+00  -2.873782E-01
 124  -2.235352E-01   0.000000E+00  -9.732780E-01
 124   0.000000E+00   9.986181E-01   0.000000E+00
 124   9.732780E-01   0.000000E+00  -2.235352E-01
 125  -1.595174E-01   0.000000E+00  -9.857812E-01
 125   0.000000E+00   9.986042E-01   0.000000E+00
 125   9.857812E-01   0.000000E+00  -1.595174E-01
 126  -9.575258E-02   0.000000E+00  -9.939899E-01
 126   0.000000E+00   9.985912E-01   0.000000E+00
 126   9.939899E-01   0.000000E+00  -9.575258E-02
 127  -3.257589E-02   0.000000E+00  -9.980476E-01
 127   0.000000E+00   9.985791E-01   0.000000E+00
 127   9.980476E-01   0.000000E+00  -3.257589E-02
 128   2.978782E-02   0.000000E+00  -9.981222E-01
 128   0.000000E+00   9.985665E-01   0.000000E+00
 128   9.981222E-01   0.000000E+00   2.978782E-02
 129   9.135682E-02   0.000000E+00  -9.943633E-01
 129   0.000000E+00   9.985512E-01   0.000000E+00
 129   9.943633E-01   0.000000E+00   9.135682E-02
 130   1.524127E-01   0.000000E+00  -9.868307E-01
 130   0.000000E+00   9.985312E-01   0.000000E+00
 130   9.868307E-01   0.000000E+00   1.524127E-01
 131   2.132881E-01   0.000000E+00  -9.754609E-01
 131   0.000000E+00   9.985068E-01   0.000000E+00
 131   9.754609E-01   0.000000E+00   2.132881E-01
 132   2.740777E-01   0.000000E+00  -9.601273E-01
 132   0.000000E+00   9.984803E-01   0.000000E+00
 132   9.601273E-01   0.000000E+00   2.740777E-01
 133   3.345391E-01   0.000000E+00  -9.407414E-01
 133   0.000000E+00   9.984542E-01   0.000000E+00
 133   9.407414E-01   0.000000E+00   3.345391E-01
 134   3.941991E-01   0.000000E+00  -9.173164E-01
 134   0.000000E+00   9.984299E-01   0.000000E+00
 134   9.173164E-01   0.000000E+00   3.941991E-01
 135   4.524496E-01   0.000000E+00  -8.900055E-01
 135   0.000000E+00   9.984089E-01   0.000000E+00
 135   8.900055E-01   0.000000E+00   4.524496E-01
 136   5.085713E-01   0.000000E+00  -8.591532E-01
 136   0.000000E+00   9.983932E-01   0.000000E+00
 136   8.591532E-01   0.000000E+00   5.085713E-01
 137   5.618115E-01   0.000000E+00  -8.253105E-01
 137   0.000000E+00   9.983835E-01   0.000000E+00
 137   8.253105E-01   0.000000E+00   5.618115E-01
 138   6.115698E-01   0.000000E+00  -7.891402E-01
 138   0.000000E+00   9.983787E-01   0.000000E+00
 138   7.891402E-01   0.000000E+00   6.115698E-01
 139   6.575505E-01   0.000000E+00  -7.512537E-01
 139   0.000000E+00   9.983761E-01   0.000000E+00
 139   7.512537E-01   0.000000E+00   6.575505E-01
 140   6.997177E-01   0.000000E+00  -7.121425E-01
 140   0.000000E+00   9.983746E-01   0.000000E+00
 140   7.121425E-01   0.000000E+00   6.997177E-01
 141   7.381039E-01   0.000000E+00  -6.722759E-01
 141   0.000000E+00   9.983748E-01   0.000000E+00
 141   6.722759E-01   0.000000E+00   7.381039E-01
 142   7.726945E-01   0.000000E+00  -6.322195E-01
 142   0.000000E+00   9.983779E-01   0.000000E+00
 142   6.322195E-01   0.000000E+00   7.726945E-01
 143   8.034893E-01   0.000000E+00  -5.925999E-01
 143   0.000000E+00   9.983835E-01   0.000000E+00
 143   5.925999E-01   0.000000E+00   8.034893E-01
 144   8.306115E-01   0.000000E+00  -5.539564E-01
 144   0.000000E+00   9.983903E-01   0.000000E+00
 144   5.539564E-01   0.000000E+00   8.306115E-01
 145   8.543217E-01   0.000000E+00  -5.166538E-01
 145   0.000000E+00   9.983970E-01   0.000000E+00
 145   5.166538E-01   0.000000E+00   8.543217E-01
 146   8.749417E-01   0.000000E+00  -4.809227E-01
 146   0.000000E+00   9.984035E-01   0.000000E+00
 146   4.809227E-01   0.000000E+00   8.749417E-01
 147   8.927907E-01   0.000000E+00  -4.469302E-01
 147   0.000000E+00   9.984097E-01   0.000000E+00
 147   4.469302E-01   0.000000E+00   8.927907E-01
 148   9.081927E-01   0.000000E+00  -4.147511E-01
 148   0.000000E+00   9.984150E-01   0.000000E+00
 148   4.147511E-01   0.000000E+00   9.081927E-01
 149   9.215102E-01   0.000000E+00  -3.842639E-01
 149   0.000000E+00   9.984186E-01   0.000000E+00
 149   3.842639E-01   0.000000E+00   9.215102E-01
 150   9.331257E-01   0.000000E+00  -3.551324E-01
 150   0.000000E+00   9.984201E-01   0.000000E+00
 150   3.551324E-01   0.000000E+00   9.331257E-01
 151   9.433800E-01   0.000000E+00  -3.269187E-01
 151   0.000000E+00   9.984196E-01   0.000000E+00
 151   3.269187E-01   0.000000E+00   9.433800E-01
 152   9.525292E-01   0.000000E+00  -2.992085E-01
 152   0.000000E+00   9.984176E-01   0.000000E+00
 152   2.992085E-01   0.000000E+00   9.525292E-01
 153   9.607498E-01   0.000000E+00  -2.716445E-01
 153   0.000000E+00   9.984143E-01   0.000000E+00
 153   2.716445E-01   0.000000E+00   9.607498E-01
 154   9.681612E-01   0.000000E+00  -2.438970E-01
 154   0.000000E+00   9.984096E-01   0.000000E+00
 154   2.438970E-01   0.000000E+00   9.681612E-01
 155   9.748248E-01   0.000000E+00  -2.157020E-01
 155   0.000000E+00   9.984041E-01   0.000000E+00
 155   2.157020E-01   0.000000E+00   9.748248E-01
 156   9.807268E-01   0.000000E+00  -1.870168E-01
 156   0.000000E+00   9.983988E-01   0.000000E+00
 156   1.870168E-01   0.000000E+00   9.807268E-01
 157   9.857897E-01   0.000000E+00  -1.581517E-01
 157   0.000000E+00   9.983953E-01   0.000000E+00
 157   1.581517E-01   0.000000E+00   9.857897E-01
 158   9.899314E-01   0.000000E+00  -1.297202E-01
 158   0.000000E+00   9.983945E-01   0.000000E+00
 158   1.297202E-01   0.000000E+00   9.899314E-01
 159   9.931268E-01   0.000000E+00  -1.024411E-01
 159   0.000000E+00   9.983962E-01   0.000000E+00
 159   1.024411E-01   0.000000E+00   9.931268E-01
 160   9.954295E-01   0.000000E+00  -7.695716E-02
 160   0.000000E+00   9.983998E-01   0.000000E+00
 160   7.695716E-02   0.000000E+00   9.954295E-01
 161   9.969552E-01   0.000000E+00  -5.377793E-02
 161   0.000000E+00   9.984046E-01   0.000000E+00
 161   5.377793E-02   0.000000E+00   9.969552E-01
 162   9.978540E-01   0.000000E+00  -3.331394E-02
 162   0.000000E+00   9.984100E-01   0.000000E+00
 162   3.331394E-02   0.000000E+00   9.978540E-01
 163   9.982889E-01   0.000000E+00  -1.589308E-02
 163   0.000000E+00   9.984154E-01   0.000000E+00
 163   1.589308E-02   0.000000E+00   9.982889E-01
 164   9.984188E-01   0.000000E+00  -1.725321E-03
 164   0.000000E+00   9.984203E-01   0.000000E+00
 164   1.725321E-03   0.000000E+00   9.984188E-01
 165   9.983829E-01   0.000000E+00   9.090043E-03
 165   0.000000E+00   9.984243E-01   0.000000E+00
 165  -9.090043E-03   0.000000E+00   9.983829E-01
 166   9.982915E-01   0.000000E+00   1.646068E-02
 166   0.000000E+00   9.984272E-01   0.000000E+00
 166  -1.646068E-02   0.000000E+00   9.982915E-01
 167   9.982249E-01   0.000000E+00   2.018435E-02
 167   0.000000E+00   9.984289E-01   0.000000E+00
 167  -2.018435E-02   0.000000E+00   9.982249E-01
 168   9.982298E-01   0.000000E+00   1.993542E-02
 168   0.000000E+00   9.984288E-01   0.000000E+00
 168  -1.993542E-02   0.000000E+00   9.982298E-01
 169   9.983075E-01   0.000000E+00   1.539282E-02
 169   0.000000E+00   9.984262E-01   0.000000E+00
 169  -1.539282E-02   0.000000E+00   9.983075E-01
 170   9.984002E-01   0.000000E+00   6.418285E-03
 170   0.000000E+00   9.984208E-01   0.000000E+00
 170  -6.418285E-03   0.000000E+00   9.984002E-01
 171   9.983894E-01   0.000000E+00  -6.855332E-03
 171   0.000000E+00   9.984130E-01   0.000000E+00
 171   6.855332E-03   0.000000E+00   9.983894E-01
 172   9.981140E-01   0.000000E+00  -2.404652E-02
 172   0.000000E+00   9.984036E-01   0.000000E+00
 172   2.404652E-02   0.000000E+00   9.981140E-01
 173   9.973980E-01   0.000000E+00  -4.457745E-02
 173   0.000000E+00   9.983937E-01   0.000000E+00
 173   4.457745E-02   0.000000E+00   9.973980E-01
 174   9.960848E-01   0.000000E+00  -6.772415E-02
 174   0.000000E+00   9.983844E-01   0.000000E+00
 174   6.772415E-02   0.000000E+00   9.960848E-01
 175   9.940628E-01   0.000000E+00  -9.270809E-02
 175   0.000000E+00   9.983765E-01   0.000000E+00
 175   9.270809E-02   0.000000E+00   9.940628E-01
 176   9.912687E-01   0.000000E+00  -1.188642E-01
 176   0.000000E+00   9.983698E-01   0.000000E+00
 176   1.188642E-01   0.000000E+00   9.912687E-01
 177   9.876554E-01   0.000000E+00  -1.458293E-01
 177   0.000000E+00   9.983633E-01   0.000000E+00
 177   1.458293E-01   0.000000E+00   9.876554E-01
 178   9.831446E-01   0.000000E+00  -1.736109E-01
 178   0.000000E+00   9.983556E-01   0.000000E+00
 178   1.736109E-01   0.000000E+00   9.831446E-01
 179   9.776018E-01   0.000000E+00  -2.024593E-01
 179   0.000000E+00   9.983461E-01   0.000000E+00
 179   2.024593E-01   0.000000E+00   9.776018E-01
 180   9.708522E-01   0.000000E+00  -2.326338E-01
 180   0.000000E+00   9.983349E-01   0.000000E+00
 180   2.326338E-01   0.000000E+00   9.708522E-01
 181   9.627218E-01   0.000000E+00  -2.642243E-01
 181   0.000000E+00   9.983225E-01   0.000000E+00
 181   2.642243E-01   0.000000E+00   9.627218E-01
 182   9.530785E-01   0.000000E+00  -2.970931E-01
 182   0.000000E+00   9.983100E-01   0.000000E+00
 182   2.970931E-01   0.000000E+00   9.530785E-01
 183   9.418598E-01   0.000000E+00  -3.309073E-01
 183   0.000000E+00   9.982983E-01   0.000000E+00
 183   3.309073E-01   0.000000E+00   9.418598E-01
 184   9.290831E-01   0.000000E+00  -3.652170E-01
 184   0.000000E+00   9.982880E-01   0.000000E+00
 184   3.652170E-01   0.000000E+00   9.290831E-01
 185   9.148179E-01   0.000000E+00  -3.995863E-01
 185   0.000000E+00   9.982790E-01   0.000000E+00
 185   3.995863E-01   0.000000E+00   9.148179E-01
 186   8.990855E-01   0.000000E+00  -4.338060E-01
 186   0.000000E+00   9.982697E-01   0.000000E+00
 186   4.338060E-01   0.000000E+00   8.990855E-01
 187   8.817046E-01   0.000000E+00  -4.680965E-01
 187   0.000000E+00   9.982571E-01   0.000000E+00
 187   4.680965E-01   0.000000E+00   8.817046E-01
 188   8.621841E-01   0.000000E+00  -5.031082E-01
 188   0.000000E+00   9.982381E-01   0.000000E+00
 188   5.031082E-01   0.000000E+00   8.621841E-01
 189   8.397704E-01   0.000000E+00  -5.396396E-01
 189   0.000000E+00   9.982110E-01   0.000000E+00
 189   5.396396E-01   0.000000E+00   8.397704E-01
 190   8.136508E-01   0.000000E+00  -5.782112E-01
 190   0.000000E+00   9.981762E-01   0.000000E+00
 190   5.782112E-01   0.000000E+00   8.136508E-01
 191   7.832113E-01   0.000000E+00  -6.187549E-01
 191   0.000000E+00   9.981370E-01   0.000000E+00
 191   6.187549E-01   0.000000E+00   7.832113E-01
 192   7.482068E-01   0.000000E+00  -6.605949E-01
 192   0.000000E+00   9.980977E-01   0.000000E+00
 192   6.605949E-01   0.000000E+00   7.482068E-01
 193   7.087818E-01   0.000000E+00  -7.026775E-01
 193   0.000000E+00   9.980617E-01   0.000000E+00
 193   7.026775E-01   0.000000E+00   7.087818E-01
 194   6.653741E-01   0.000000E+00  -7.438704E-01
 194   0.000000E+00   9.980310E-01   0.000000E+00
 194   7.438704E-01   0.000000E+00   6.653741E-01
 195   6.185506E-01   0.000000E+00  -7.832045E-01
 195   0.000000E+00   9.980051E-01   0.000000E+00
 195   7.832045E-01   0.000000E+00   6.185506E-01
 196   5.688049E-01   0.000000E+00  -8.200174E-01
 196   0.000000E+00   9.979817E-01   0.000000E+00
 196   8.200174E-01   0.000000E+00   5.688049E-01
 197   5.163786E-01   0.000000E+00  -8.539742E-01
 197   0.000000E+00   9.979574E-01   0.000000E+00
 197   8.539742E-01   0.000000E+00   5.163786E-01
 198   4.612275E-01   0.000000E+00  -8.849479E-01
 198   0.000000E+00   9.979296E-01   0.000000E+00
 198   8.849479E-01   0.000000E+00   4.612275E-01
 199   4.032256E-01   0.000000E+00  -9.128043E-01
 199   0.000000E+00   9.978991E-01   0.000000E+00
 199   9.128043E-01   0.000000E+00   4.032256E-01
 200   3.425268E-01   0.000000E+00  -9.372403E-01
 200   0.000000E+00   9.978697E-01   0.000000E+00
 200   9.372403E-01   0.000000E+00   3.425268E-01
 201   2.797981E-01   0.000000E+00  -9.578151E-01
 201   0.000000E+00   9.978461E-01   0.000000E+00
 201   9.578151E-01   0.000000E+00   2.797981E-01
 202   2.160920E-01   0.000000E+00  -9.741505E-01
 202   0.000000E+00   9.978301E-01   0.000000E+00
 202   9.741505E-01   0.000000E+00   2.160920E-01
 203   1.524325E-01   0.000000E+00  -9.861075E-01
 203   0.000000E+00   9.978195E-01   0.000000E+00
 203   9.861075E-01   0.000000E+00   1.524325E-01
 204   8.941715E-02   0.000000E+00  -9.937950E-01
 204   0.000000E+00   9.978096E-01   0.000000E+00
 204   9.937950E-01   0.000000E+00   8.941715E-02
 205   2.706792E-02   0.000000E+00  -9.974288E-01
 205   0.000000E+00   9.977960E-01   0.000000E+00
 205   9.974288E-01   0.000000E+00   2.706792E-02
 206  -3.505058E-02   0.000000E+00  -9.971602E-01
 206   0.000000E+00   9.977761E-01   0.000000E+00
 206   9.971602E-01   0.000000E+00  -3.505058E-02
 207  -9.755414E-02   0.000000E+00  -9.929683E-01
 207   0.000000E+00   9.977489E-01   0.000000E+00
 207   9.929683E-01   0.000000E+00  -9.755414E-02
 208  -1.608934E-01   0.000000E+00  -9.846579E-01
 208   0.000000E+00   9.977163E-01   0.000000E+00
 208   9.846579E-01   0.000000E+00  -1.608934E-01
 209  -2.250322E-01   0.000000E+00  -9.719729E-01
 209   0.000000E+00   9.976827E-01   0.000000E+00
 209   9.719729E-01   0.000000E+00  -2.250322E-01
 210  -2.893187E-01   0.000000E+00  -9.547811E-01
 210   0.000000E+00   9.976534E-01   0.000000E+00
 210   9.547811E-01   0.000000E+00  -2.893187E-01
 211  -3.526673E-01   0.000000E+00  -9.332174E-01
 211   0.000000E+00   9.976317E-01   0.000000E+00
 211   9.332174E-01   0.000000E+00  -3.526673E-01
 212  -4.139579E-01   0.000000E+00  -9.076779E-01
 212   0.000000E+00   9.976173E-01   0.000000E+00
 212   9.076779E-01   0.000000E+00  -4.139579E-01
 213  -4.723952E-01   0.000000E+00  -8.786711E-01
 213   0.000000E+00   9.976072E-01   0.000000E+00
 213   8.786711E-01   0.000000E+00  -4.723952E-01
 214  -5.276269E-01   0.000000E+00  -8.466474E-01
 214   0.000000E+00   9.975981E-01   0.000000E+00
 214   8.466474E-01   0.000000E+00  -5.276269E-01
 215  -5.796107E-01   0.000000E+00  -8.119322E-01
 215   0.000000E+00   9.975883E-01   0.000000E+00
 215   8.119322E-01   0.000000E+00  -5.796107E-01
 216  -6.283665E-01   0.000000E+00  -7.748024E-01
 216   0.000000E+00   9.975787E-01   0.000000E+00
 216   7.748024E-01   0.000000E+00  -6.283665E-01
 217  -6.737583E-01   0.000000E+00  -7.356626E-01
 217   0.000000E+00   9.975719E-01   0.000000E+00
 217   7.356626E-01   0.000000E+00  -6.737583E-01
 218  -7.154096E-01   0.000000E+00  -6.952251E-01
 218   0.000000E+00   9.975715E-01   0.000000E+00
 218   6.952251E-01   0.000000E+00  -7.154096E-01
 219  -7.528241E-01   0.000000E+00  -6.545375E-01
 219   0.000000E+00   9.975788E-01   0.000000E+00
 219   6.545375E-01   0.000000E+00  -7.528241E-01
 220  -7.856804E-01   0.000000E+00  -6.147318E-01
 220   0.000000E+00   9.975916E-01   0.000000E+00
 220   6.147318E-01   0.000000E+00  -7.856804E-01
 221  -8.141057E-01   0.000000E+00  -5.765816E-01
 221   0.000000E+00   9.976043E-01   0.000000E+00
 221   5.765816E-01   0.000000E+00  -8.141057E-01
 222  -8.387165E-01   0.000000E+00  -5.401714E-01
 222   0.000000E+00   9.976124E-01   0.000000E+00
 222   5.401714E-01   0.000000E+00  -8.387165E-01
 223  -8.603817E-01   0.000000E+00  -5.049528E-01
 223   0.000000E+00   9.976142E-01   0.000000E+00
 223   5.049528E-01   0.000000E+00  -8.603817E-01
 224  -8.798713E-01   0.000000E+00  -4.701642E-01
 224   0.000000E+00   9.976111E-01   0.000000E+00
 224   4.701642E-01   0.000000E+00  -8.798713E-01
 225  -8.976237E-01   0.000000E+00  -4.353040E-01
 225   0.000000E+00   9.976061E-01   0.000000E+00
 225   4.353040E-01   0.000000E+00  -8.976237E-01
 226  -9.137379E-01   0.000000E+00  -4.003663E-01
 226   0.000000E+00   9.976022E-01   0.000000E+00
 226   4.003663E-01   0.000000E+00  -9.137379E-01
 227  -9.281188E-01   0.000000E+00  -3.657922E-01
 227   0.000000E+00   9.976013E-01   0.000000E+00
 227   3.657922E-01   0.000000E+00  -9.281188E-01
 228  -9.406451E-01   0.000000E+00  -3.322651E-01
 228   0.000000E+00   9.976038E-01   0.000000E+00
 228   3.322651E-01   0.000000E+00  -9.406451E-01
 229  -9.512888E-01   0.000000E+00  -3.004540E-01
 229   0.000000E+00   9.976087E-01   0.000000E+00
 229   3.004540E-01   0.000000E+00  -9.512888E-01
 230  -9.601737E-01   0.000000E+00  -2.707393E-01
 230   0.000000E+00   9.976138E-01   0.000000E+00
 230   2.707393E-01   0.000000E+00  -9.601737E-01
 231  -9.675736E-01   0.000000E+00  -2.429832E-01
 231   0.000000E+00   9.976170E-01   0.000000E+00
 231   2.429832E-01   0.000000E+00  -9.675736E-01
 232  -9.738393E-01   0.000000E+00  -2.165090E-01
 232   0.000000E+00   9.976168E-01   0.000000E+00
 232   2.165090E-01   0.000000E+00  -9.738393E-01
 233  -9.792721E-01   0.000000E+00  -1.904178E-01
 233   0.000000E+00   9.976135E-01   0.000000E+00
 233   1.904178E-01   0.000000E+00  -9.792721E-01
 234  -9.840166E-01   0.000000E+00  -1.641200E-01
 234   0.000000E+00   9.976092E-01   0.000000E+00
 234   1.641200E-01   0.000000E+00  -9.840166E-01
 235  -9.880518E-01   0.000000E+00  -1.377411E-01
 235   0.000000E+00   9.976066E-01   0.000000E+00
 235   1.377411E-01   0.000000E+00  -9.880518E-01
 236  -9.912854E-01   0.000000E+00  -1.121370E-01
 236   0.000000E+00   9.976079E-01   0.000000E+00
 236   1.121370E-01   0.000000E+00  -9.912854E-01
 237  -9.936749E-01   0.000000E+00  -8.855760E-02
 237   0.000000E+00   9.976132E-01   0.000000E+00
 237   8.855760E-02   0.000000E+00  -9.936749E-01
 238  -9.952861E-01   0.000000E+00  -6.821350E-02
 238   0.000000E+00   9.976209E-01   0.000000E+00
 238   6.821350E-02   0.000000E+00  -9.952861E-01
 239  -9.962741E-01   0.000000E+00  -5.197000E-02
 239   0.000000E+00   9.976286E-01   0.000000E+00
 239   5.197000E-02   0.000000E+00  -9.962741E-01
 240  -9.968247E-01   0.000000E+00  -4.019146E-02
 240   0.000000E+00   9.976346E-01   0.000000E+00
 240   4.019146E-02   0.000000E+00  -9.968247E-01
 241  -9.971031E-01   0.000000E+00  -3.266823E-02
 241   0.000000E+00   9.976381E-01   0.000000E+00
 241   3.266823E-02   0.000000E+00  -9.971031E-01
 242  -9.972283E-01   0.000000E+00  -2.864331E-02
 242   0.000000E+00   9.976396E-01   0.000000E+00
 242   2.864331E-02   0.000000E+00  -9.972283E-01
 243  -9.972738E-01   0.000000E+00  -2.702526E-02
 243   0.000000E+00   9.976399E-01   0.000000E+00
 243   2.702526E-02   0.000000E+00  -9.972738E-01
 244  -9.972804E-01   0.000000E+00  -2.678264E-02
 244   0.000000E+00   9.976399E-01   0.000000E+00
 244   2.678264E-02   0.000000E+00  -9.972804E-01
 245  -9.972652E-01   0.000000E+00  -2.734136E-02
 245   0.000000E+00   9.976399E-01   0.000000E+00
 245   2.734136E-02   0.000000E+00  -9.972652E-01
 246  -9.972254E-01   0.000000E+00  -2.874711E-02
 246   0.000000E+00   9.976397E-01   0.000000E+00
 246   2.874711E-02   0.000000E+00  -9.972254E-01
 247  -9.971412E-01   0.000000E+00  -3.151334E-02
 247   0.000000E+00   9.976391E-01   0.000000E+00
 247   3.151334E-02   0.000000E+00  -9.971412E-01
 248  -9.969769E-01   0.000000E+00  -3.630051E-02
 248   0.000000E+00   9.976376E-01   0.000000E+00
 248   3.630051E-02   0.000000E+00  -9.969769E-01
 249  -9.966805E-01   0.000000E+00  -4.362604E-02
 249   0.000000E+00   9.976348E-01   0.000000E+00
 249   4.362604E-02   0.000000E+00  -9.966805E-01
 250  -9.961851E-01   0.000000E+00  -5.368928E-02
 250   0.000000E+00   9.976308E-01   0.000000E+00
 250   5.368928E-02   0.000000E+00  -9.961851E-01
 251  -9.954207E-01   0.000000E+00  -6.630110E-02
 251   0.000000E+00   9.976262E-01   0.000000E+00
 251   6.630110E-02   0.000000E+00  -9.954207E-01
 252  -9.943342E-01   0.000000E+00  -8.092761E-02
 252   0.000000E+00   9.976220E-01   0.000000E+00
 252   8.092761E-02   0.000000E+00  -9.943342E-01
 253  -9.929022E-01   0.000000E+00  -9.689315E-02
 253   0.000000E+00   9.976187E-01   0.000000E+00
 253   9.689315E-02   0.000000E+00  -9.929022E-01
 254  -9.911134E-01   0.000000E+00  -1.137156E-01
 254   0.000000E+00   9.976157E-01   0.000000E+00
 254   1.137156E-01   0.000000E+00  -9.911134E-01
 255  -9.889201E-01   0.000000E+00  -1.314004E-01
 255   0.000000E+00   9.976117E-01   0.000000E+00
 255   1.314004E-01   0.000000E+00  -9.889201E-01
 256  -9.861894E-01   0.000000E+00  -1.504892E-01
 256   0.000000E+00   9.976054E-01   0.000000E+00
 256   1.504892E-01   0.000000E+00  -9.861894E-01
 257  -9.826861E-01   0.000000E+00  -1.718273E-01
 257   0.000000E+00   9.975954E-01   0.000000E+00
 257   1.718273E-01   0.000000E+00  -9.826861E-01
 258  -9.780968E-01   0.000000E+00  -1.962021E-01
 258   0.000000E+00   9.975813E-01   0.000000E+00
 258   1.962021E-01   0.000000E+00  -9.780968E-01
 259  -9.720793E-01   0.000000E+00  -2.240428E-01
 259   0.000000E+00   9.975636E-01   0.000000E+00
 259   2.240428E-01   0.000000E+00  -9.720793E-01
 260  -9.643305E-01   0.000000E+00  -2.552663E-01
 260   0.000000E+00   9.975441E-01   0.000000E+00
 260   2.552663E-01   0.000000E+00  -9.643305E-01
 261  -9.546651E-01   0.000000E+00  -2.892603E-01
 261   0.000000E+00   9.975255E-01   0.000000E+00
 261   2.892603E-01   0.000000E+00  -9.546651E-01
 262  -9.430791E-01   0.000000E+00  -3.250058E-01
 262   0.000000E+00   9.975104E-01   0.000000E+00
 262   3.250058E-01   0.000000E+00  -9.430791E-01
 263  -9.297337E-01   0.000000E+00  -3.613873E-01
 263   0.000000E+00   9.974996E-01   0.000000E+00
 263   3.613873E-01   0.000000E+00  -9.297337E-01
 264  -9.148053E-01   0.000000E+00  -3.976416E-01
 264   0.000000E+00   9.974907E-01   0.000000E+00
 264   3.976416E-01   0.000000E+00  -9.148053E-01
 265  -8.982558E-01   0.000000E+00  -4.337068E-01
 265   0.000000E+00   9.974793E-01   0.000000E+00
 265   4.337068E-01   0.000000E+00  -8.982558E-01
 266  -8.796832E-01   0.000000E+00  -4.701991E-01
 266   0.000000E+00   9.974616E-01   0.000000E+00
 266   4.701991E-01   0.000000E+00  -8.796832E-01
 267  -8.583938E-01   0.000000E+00  -5.079749E-01
 267   0.000000E+00   9.974359E-01   0.000000E+00
